validation_per_epoch_tagslot_loss_values, validation_average_per_epoch_loss_values, per_epoch_loss_values, per_epoch_tagslot_loss_values

([tensor([1.3399, 0.8080, 0.7014, 0.7705, 0.7516, 0.4989, 1.1773, 1.2703, 0.2295,
          0.3073, 0.2186]),
  tensor([0.7150, 0.5797, 0.5488, 0.5014, 0.4223, 0.2418, 0.8742, 0.9751, 0.1586,
          0.2575, 0.1308]),
  tensor([0.4566, 0.4642, 0.4680, 0.3908, 0.3110, 0.1648, 0.7404, 0.8663, 0.1240,
          0.2265, 0.0977]),
  tensor([0.3291, 0.3735, 0.4011, 0.3303, 0.2634, 0.1145, 0.6537, 0.7906, 0.1010,
          0.2246, 0.0778]),
  tensor([0.2652, 0.3061, 0.3522, 0.2822, 0.2381, 0.0951, 0.5759, 0.6993, 0.0816,
          0.2093, 0.0719]),
  tensor([0.2231, 0.2526, 0.3124, 0.2421, 0.2146, 0.0864, 0.5024, 0.6076, 0.0681,
          0.1803, 0.0748]),
  tensor([0.2003, 0.2074, 0.2774, 0.2060, 0.1887, 0.0786, 0.4541, 0.5432, 0.0585,
          0.1612, 0.0764]),
  tensor([0.1798, 0.1825, 0.2522, 0.1787, 0.1623, 0.0746, 0.4167, 0.4870, 0.0513,
          0.1442, 0.0818]),
  tensor([0.1684, 0.1603, 0.2331, 0.1542, 0.1476, 0.0659, 0.3932, 0.4531, 0.0450,
          0.1358, 0.0874]),
  tensor([0.1606, 0.1467, 0.2227, 0.1405, 0.1361, 0.0678, 0.3814, 0.4259, 0.0440,
          0.1250, 0.0917]),
  tensor([0.1585, 0.1397, 0.2081, 0.1301, 0.1337, 0.0631, 0.3517, 0.4077, 0.0403,
          0.1207, 0.0913]),
  tensor([0.1484, 0.1324, 0.2035, 0.1219, 0.1246, 0.0629, 0.3556, 0.3898, 0.0368,
          0.1125, 0.0961]),
  tensor([0.1463, 0.1278, 0.1947, 0.1120, 0.1162, 0.0621, 0.3314, 0.3738, 0.0361,
          0.1040, 0.0952]),
  tensor([0.1427, 0.1282, 0.1923, 0.1103, 0.1100, 0.0635, 0.3209, 0.3622, 0.0356,
          0.1004, 0.0953]),
  tensor([0.1434, 0.1215, 0.1872, 0.1021, 0.1069, 0.0601, 0.3125, 0.3572, 0.0362,
          0.1012, 0.0982]),
  tensor([0.1422, 0.1214, 0.1833, 0.1019, 0.1065, 0.0611, 0.3099, 0.3518, 0.0378,
          0.1022, 0.0980]),
  tensor([0.1415, 0.1234, 0.1829, 0.1023, 0.1066, 0.0634, 0.3119, 0.3531, 0.0368,
          0.1035, 0.1001]),
  tensor([0.1422, 0.1223, 0.1836, 0.1023, 0.1067, 0.0642, 0.3113, 0.3536, 0.0384,
          0.1044, 0.1024]),
  tensor([0.1411, 0.1219, 0.1830, 0.0976, 0.1013, 0.0615, 0.3095, 0.3491, 0.0394,
          0.1025, 0.1034]),
  tensor([0.1419, 0.1221, 0.1842, 0.1000, 0.1044, 0.0635, 0.3108, 0.3525, 0.0401,
          0.1057, 0.1050]),
  tensor([0.1416, 0.1220, 0.1835, 0.0976, 0.1052, 0.0638, 0.3136, 0.3527, 0.0418,
          0.1049, 0.1069]),
  tensor([0.1417, 0.1226, 0.1851, 0.0987, 0.1041, 0.0652, 0.3146, 0.3576, 0.0419,
          0.1067, 0.1099]),
  tensor([0.1414, 0.1239, 0.1843, 0.0975, 0.1043, 0.0661, 0.3117, 0.3563, 0.0423,
          0.1084, 0.1113]),
  tensor([0.1413, 0.1238, 0.1843, 0.0944, 0.1010, 0.0649, 0.3112, 0.3592, 0.0429,
          0.1038, 0.1124]),
  tensor([0.1419, 0.1250, 0.1857, 0.0963, 0.1037, 0.0670, 0.3156, 0.3618, 0.0448,
          0.1088, 0.1151]),
  tensor([0.1424, 0.1267, 0.1870, 0.0974, 0.1048, 0.0692, 0.3126, 0.3653, 0.0439,
          0.1079, 0.1148]),
  tensor([0.1422, 0.1278, 0.1882, 0.0985, 0.1059, 0.0700, 0.3161, 0.3702, 0.0481,
          0.1128, 0.1185]),
  tensor([0.1419, 0.1282, 0.1885, 0.0960, 0.1038, 0.0690, 0.3130, 0.3676, 0.0467,
          0.1087, 0.1179]),
  tensor([0.1417, 0.1277, 0.1899, 0.0992, 0.1051, 0.0710, 0.3135, 0.3689, 0.0470,
          0.1100, 0.1199]),
  tensor([0.1420, 0.1285, 0.1906, 0.0959, 0.1035, 0.0706, 0.3179, 0.3720, 0.0486,
          0.1095, 0.1214])],
 [0.7339257597923279,
  0.4913998544216156,
  0.39185211062431335,
  0.3326784670352936,
  0.2887929081916809,
  0.25130802392959595,
  0.2228889912366867,
  0.20102281868457794,
  0.1858292818069458,
  0.1765795648097992,
  0.16772234439849854,
  0.16223172843456268,
  0.1545143574476242,
  0.15102866291999817,
  0.14786601066589355,
  0.14691229164600372,
  0.14775730669498444,
  0.14831171929836273,
  0.14639048278331757,
  0.14819662272930145,
  0.1485205441713333,
  0.1498144119977951,
  0.1497679501771927,
  0.1490342766046524,
  0.15142802894115448,
  0.151993989944458,
  0.15438419580459595,
  0.15284448862075806,
  0.15398646891117096,
  0.15458767116069794],
 [1.027740716934204,
  0.5652179718017578,
  0.41517582535743713,
  0.32953235507011414,
  0.27254369854927063,
  0.23141944408416748,
  0.2001642882823944,
  0.17622928321361542,
  0.15706919133663177,
  0.14169661700725555,
  0.1296565681695938,
  0.1195218488574028,
  0.11075423657894135,
  0.10359299927949905,
  0.09729368984699249,
  0.08600443601608276,
  0.08294741809368134,
  0.0803905725479126,
  0.07820301502943039,
  0.07617567479610443,
  0.07437293976545334,
  0.07276379317045212,
  0.0712914764881134,
  0.06989311426877975,
  0.0686856359243393,
  0.06762100011110306,
  0.06649842858314514,
  0.06562153249979019,
  0.06468015164136887,
  0.06381424516439438],
 [tensor([2.1619, 0.8627, 1.0597, 1.0514, 1.0393, 0.6196, 1.4163, 1.5773, 0.4922,
          0.5230, 0.5017]),
  tensor([1.1037, 0.5414, 0.6650, 0.5855, 0.4321, 0.1701, 0.9243, 1.0222, 0.2660,
          0.3318, 0.1753]),
  tensor([0.7401, 0.4170, 0.5534, 0.4033, 0.2454, 0.0791, 0.7428, 0.8328, 0.2119,
          0.2186, 0.1226]),
  tensor([0.5517, 0.3365, 0.4744, 0.2854, 0.1516, 0.0531, 0.6271, 0.7373, 0.1756,
          0.1364, 0.0958]),
  tensor([0.4419, 0.2739, 0.4101, 0.2083, 0.1008, 0.0407, 0.5507, 0.6577, 0.1419,
          0.1008, 0.0712]),
  tensor([0.3758, 0.2232, 0.3591, 0.1620, 0.0728, 0.0334, 0.4915, 0.5849, 0.1156,
          0.0829, 0.0443]),
  tensor([0.3302, 0.1818, 0.3196, 0.1305, 0.0570, 0.0284, 0.4385, 0.5232, 0.0956,
          0.0710, 0.0260]),
  tensor([0.2978, 0.1506, 0.2867, 0.1072, 0.0468, 0.0245, 0.3935, 0.4727, 0.0812,
          0.0620, 0.0154]),
  tensor([0.2718, 0.1272, 0.2593, 0.0892, 0.0397, 0.0215, 0.3550, 0.4313, 0.0688,
          0.0545, 0.0096]),
  tensor([0.2508, 0.1104, 0.2356, 0.0750, 0.0343, 0.0187, 0.3237, 0.3968, 0.0588,
          0.0482, 0.0064]),
  tensor([0.2342, 0.0975, 0.2168, 0.0646, 0.0302, 0.0163, 0.2996, 0.3690, 0.0505,
          0.0429, 0.0046]),
  tensor([0.2200, 0.0873, 0.1999, 0.0565, 0.0266, 0.0144, 0.2803, 0.3443, 0.0435,
          0.0384, 0.0035]),
  tensor([0.2059, 0.0790, 0.1855, 0.0496, 0.0240, 0.0127, 0.2641, 0.3226, 0.0373,
          0.0348, 0.0028]),
  tensor([0.1947, 0.0728, 0.1743, 0.0443, 0.0216, 0.0113, 0.2511, 0.3031, 0.0325,
          0.0315, 0.0022]),
  tensor([0.1844, 0.0674, 0.1643, 0.0400, 0.0197, 0.0101, 0.2398, 0.2859, 0.0281,
          0.0289, 0.0018]),
  tensor([0.1511, 0.0582, 0.1473, 0.0341, 0.0172, 0.0088, 0.2196, 0.2601, 0.0228,
          0.0255, 0.0014]),
  tensor([0.1474, 0.0559, 0.1423, 0.0316, 0.0159, 0.0080, 0.2150, 0.2505, 0.0208,
          0.0239, 0.0012]),
  tensor([0.1453, 0.0541, 0.1386, 0.0298, 0.0147, 0.0072, 0.2106, 0.2416, 0.0191,
          0.0223, 0.0010]),
  tensor([0.1435, 0.0523, 0.1356, 0.0279, 0.0136, 0.0067, 0.2073, 0.2336, 0.0177,
          0.0211, 0.0009]),
  tensor([0.1418, 0.0509, 0.1330, 0.0263, 0.0126, 0.0061, 0.2038, 0.2261, 0.0164,
          0.0201, 0.0008]),
  tensor([0.1403, 0.0495, 0.1306, 0.0249, 0.0118, 0.0057, 0.2005, 0.2195, 0.0153,
          0.0192, 0.0007]),
  tensor([0.1392, 0.0484, 0.1280, 0.0237, 0.0110, 0.0052, 0.1981, 0.2134, 0.0143,
          0.0184, 0.0006]),
  tensor([0.1382, 0.0473, 0.1258, 0.0225, 0.0103, 0.0050, 0.1951, 0.2084, 0.0134,
          0.0176, 0.0006]),
  tensor([0.1368, 0.0462, 0.1241, 0.0216, 0.0097, 0.0047, 0.1922, 0.2034, 0.0126,
          0.0171, 0.0005]),
  tensor([0.1360, 0.0456, 0.1221, 0.0205, 0.0092, 0.0044, 0.1899, 0.1991, 0.0119,
          0.0164, 0.0004]),
  tensor([0.1352, 0.0446, 0.1208, 0.0198, 0.0087, 0.0041, 0.1872, 0.1959, 0.0112,
          0.0159, 0.0004]),
  tensor([0.1341, 0.0438, 0.1192, 0.0190, 0.0082, 0.0039, 0.1852, 0.1917, 0.0106,
          0.0154, 0.0004]),
  tensor([0.1335, 0.0432, 0.1178, 0.0185, 0.0079, 0.0037, 0.1831, 0.1888, 0.0101,
          0.0150, 0.0003]),
  tensor([0.1326, 0.0424, 0.1163, 0.0178, 0.0076, 0.0034, 0.1809, 0.1858, 0.0096,
          0.0148, 0.0003]),
  tensor([0.1320, 0.0418, 0.1152, 0.0172, 0.0073, 0.0033, 0.1788, 0.1827, 0.0091,
          0.0142, 0.0003])])
