

 Transformer-only training loss curve 18 epochs:
 [1.7623026371002197,
  0.9312496185302734,
  0.6478036642074585,
  0.5002090930938721,
  0.41359955072402954,
  0.35595372319221497,
  0.3167353868484497,
  0.2882048785686493,
  0.26708364486694336,
  0.24892814457416534,
  0.23261743783950806,
  0.22020845115184784,
  0.2083481252193451,
  0.19611458480358124,
  0.1862976998090744,
  0.17703774571418762,
  0.16769959032535553,
  0.15758654475212097]

  Transformer-only validation (Zogr.) loss curve 18 epochs:
  [1.0059231519699097,
  0.5716428756713867,
  0.38764095306396484,
  0.2987465560436249,
  0.2510533034801483,
  0.2209092229604721,
  0.20363889634609222,
  0.18791413307189941,
  0.1749318540096283,
  0.17080944776535034,
  0.16954602301120758,
  0.1652725338935852,
  0.1605881005525589,
  0.16115976870059967,
  0.15985208749771118,
  0.15584063529968262,
  0.15950705111026764,
  0.15872547030448914]



 LSTM-only training loss curve 18 epochs:
 [2.6044838428497314,
  1.8047155141830444,
  1.367167353630066,
  1.114285945892334,
  0.9469433426856995,
  0.8257507085800171,
  0.7368031144142151,
  0.6698978543281555,
  0.6174842119216919,
  0.5739080905914307,
  0.5366994142532349,
  0.5051975846290588,
  0.4786393940448761,
  0.4544973373413086,
  0.4334031045436859,
  0.41613584756851196,
  0.4000982642173767,
  0.3867311179637909]


  LSTM-only validation (Zogr.) loss curve 18 epochs:
  [2.212238311767578,
  1.6250568628311157,
  1.2223213911056519,
  0.9785014390945435,
  0.8013685345649719,
  0.6746195554733276,
  0.5878986716270447,
  0.5161924362182617,
  0.4610125720500946,
  0.41874465346336365,
  0.38274580240249634,
  0.35212692618370056,
  0.32589346170425415,
  0.30457502603530884,
  0.2880147397518158,
  0.271503746509552,
  0.25829270482063293,
  0.24779891967773438]


Combined 4*POS-loss full tagset Training
[1.5940531492233276,
  0.8855167627334595,
  0.6290827989578247,
  0.4857948422431946,
  0.39630547165870667,
  0.33370402455329895,
  0.28765925765037537,
  0.25311556458473206,
  0.2268778532743454,
  0.2066381573677063,
  0.1898082047700882,
  0.1763458251953125,
  0.16489438712596893,
  0.1548643857240677,
  0.1460759937763214,
  0.1383703351020813,
  0.13108044862747192,
  0.12511321902275085]


 Combined 4*POS-loss full tagset Validation
 [0.7581126093864441,
  0.5008437037467957,
  0.3949168026447296,
  0.3305632770061493,
  0.2874705195426941,
  0.24794749915599823,
  0.22291885316371918,
  0.2058338224887848,
  0.18932345509529114,
  0.1779690831899643,
  0.1693771332502365,
  0.1653561145067215,
  0.16213896870613098,
  0.15276773273944855,
  0.14964962005615234,
  0.14980919659137726,
  0.14419375360012054,
  0.14611820876598358],
